000 00A001100000 00000000 00000100 00000000 00000000 00000000 00000000 00000000 00000000 00000000 00000000 00000000 00000000 00000000 00000000 00000000 00000000
001 00B001110000 00000000 00000110 00000000 00000000 00000000 00000000 00000000 00000000 00000000 00000000 00000100 00000000 00000000 00000000 00000000 00000000
002 00C001120000 00000000 00000120 00000000 00000000 00000000 00000000 00000000 00000000 00000000 00000000 00000100 00000110 00000000 00000000 00000000 00000000
003 09000200000D 00000000 00000000 0000000d 00000000 00000000 00000000 00000000 00000000 00000000 00000000 00000100 00000110 00000120 00000000 00000000 00000000
00D 009000000000 00000000 00000000 00000000 00000000 00000000 00000000 00000000 00000000 00000000 00000000 00000100 00000110 00000120 00000000 00000000 00000000
00E 107A00000000 00000000 00000000 00000000 00000000 00000000 00000000 00000000 00000000 00000000 00000000 00000100 00000110 00000120 00000000 00000000 00000000
00F 108B00000000 00000000 00000000 00000000 00000000 00000000 00000000 00000000 00000001 00000000 00000000 00000100 00000110 00000120 00000000 00000000 00000000
010 029789000000 00000000 00000000 00000000 00000000 00000000 00000000 00000000 00000001 00000001 00000000 00000100 00000110 00000120 00000000 00000000 00000000
011 107A10001000 00000000 00000001 00000000 00000000 00000000 00000000 00000000 00000001 00000001 00000001 00000100 00000110 00000120 00000000 00000000 00000000
012 108B10004000 00000000 00000004 00000000 00000000 00000000 00000000 00000000 00000002 00000001 00000001 00000100 00000110 00000120 00000000 00000000 00000000
013 029789000000 00000000 00000000 00000000 00000000 00000000 00000000 00000000 00000002 00000001 00000001 00000100 00000110 00000120 00000000 00000000 00000000
014 107A10002000 00000000 00000002 00000000 00000000 00000000 00000000 00000000 00000002 00000001 00000003 00000100 00000110 00000120 00000000 00000000 00000000
015 108B10008000 00000000 00000008 00000000 00000000 00000000 00000000 00000000 00000003 00000001 00000003 00000100 00000110 00000120 00000000 00000000 00000000
016 029789000000 00000000 00000000 00000000 00000000 00000000 00000000 00000000 00000003 00000001 00000003 00000100 00000110 00000120 00000000 00000000 00000000
017 107A10003000 00000000 00000003 00000000 00000000 00000000 00000000 00000000 00000003 00000001 00000006 00000100 00000110 00000120 00000000 00000000 00000000
018 108B1000C000 00000000 0000000c 00000000 00000000 00000000 00000000 00000000 00000004 00000001 00000006 00000100 00000110 00000120 00000000 00000000 00000000
019 029789000000 00000000 00000000 00000000 00000000 00000000 00000000 00000000 00000004 00000001 00000006 00000100 00000110 00000120 00000000 00000000 00000000
01A 119C00000000 00000000 00000000 00000000 00000000 00000000 00000000 00000000 00000004 00000001 0000000a 00000100 00000110 00000120 00000000 00000000 00000000
01B 090002000004 00000000 00000000 00000004 00000000 00000000 00000000 00000000 00000004 00000001 0000000a 00000100 00000110 00000120 00000000 00000000 00000000
004 00CC01001000 00000000 00000001 00000000 00000000 00000000 00000000 00000000 00000004 00000001 0000000a 00000100 00000110 00000120 00000000 00000000 00000000
005 037C12FFF00C 00000000 ffffffff 0000000c 00000000 00000000 00000000 00000000 00000004 00000001 0000000a 00000100 00000110 00000121 00000000 00000000 00000000
006 038C12FFF003 00000000 ffffffff 00000003 00000000 00000000 00000000 00000000 00000000 00000001 0000000a 00000100 00000110 00000121 00000000 00000000 00000000
007 00A001100000 00000000 00000100 00000000 00000000 00000000 00000000 00000000 00000000 00000001 0000000a 00000100 00000110 00000121 00000000 00000000 00000000
008 00B001110000 00000000 00000110 00000000 00000000 00000000 00000000 00000000 00000000 00000001 0000000a 00000100 00000110 00000121 00000000 00000000 00000000
009 04AA70000000 00000000 00000000 00000000 00000000 00000000 00000000 00000000 00000000 00000001 0000000a 00000100 00000110 00000121 00000000 00000000 00000000
00A 04BB80000000 00000000 00000000 00000000 00000000 00000000 00000000 00000000 00000000 00000001 0000000a 00000100 00000110 00000121 00000000 00000000 00000000
00B 090C1213001C 00000000 00000130 0000001c 00000000 00000000 00000000 00000000 00000000 00000001 0000000a 00000100 00000111 00000121 00000000 00000000 00000000
00C 090002000003 00000000 00000000 00000003 00000000 00000000 00000000 00000000 00000000 00000001 0000000a 00000100 00000111 00000121 00000000 00000000 00000000
003 09000200000D 00000000 00000000 0000000d 00000000 00000000 00000000 00000000 00000000 00000001 0000000a 00000100 00000111 00000121 00000000 00000000 00000000
00D 009000000000 00000000 00000000 00000000 00000000 00000000 00000000 00000000 00000000 00000001 0000000a 00000100 00000111 00000121 00000000 00000000 00000000
00E 107A00000000 00000000 00000000 00000000 00000000 00000000 00000000 00000000 00000000 00000001 00000000 00000100 00000111 00000121 00000000 00000000 00000000
00F 108B00000000 00000000 00000000 00000000 00000000 00000000 00000000 00000000 00000001 00000001 00000000 00000100 00000111 00000121 00000000 00000000 00000000
010 029789000000 00000000 00000000 00000000 00000000 00000000 00000000 00000000 00000001 00000002 00000000 00000100 00000111 00000121 00000000 00000000 00000000
011 107A10001000 00000000 00000001 00000000 00000000 00000000 00000000 00000000 00000001 00000002 00000002 00000100 00000111 00000121 00000000 00000000 00000000
012 108B10004000 00000000 00000004 00000000 00000000 00000000 00000000 00000000 00000002 00000002 00000002 00000100 00000111 00000121 00000000 00000000 00000000
013 029789000000 00000000 00000000 00000000 00000000 00000000 00000000 00000000 00000002 00000002 00000002 00000100 00000111 00000121 00000000 00000000 00000000
014 107A10002000 00000000 00000002 00000000 00000000 00000000 00000000 00000000 00000002 00000002 00000006 00000100 00000111 00000121 00000000 00000000 00000000
015 108B10008000 00000000 00000008 00000000 00000000 00000000 00000000 00000000 00000003 00000002 00000006 00000100 00000111 00000121 00000000 00000000 00000000
016 029789000000 00000000 00000000 00000000 00000000 00000000 00000000 00000000 00000003 00000002 00000006 00000100 00000111 00000121 00000000 00000000 00000000
017 107A10003000 00000000 00000003 00000000 00000000 00000000 00000000 00000000 00000003 00000002 0000000c 00000100 00000111 00000121 00000000 00000000 00000000
018 108B1000C000 00000000 0000000c 00000000 00000000 00000000 00000000 00000000 00000004 00000002 0000000c 00000100 00000111 00000121 00000000 00000000 00000000
019 029789000000 00000000 00000000 00000000 00000000 00000000 00000000 00000000 00000004 00000002 0000000c 00000100 00000111 00000121 00000000 00000000 00000000
01A 119C00000000 00000000 00000000 00000000 00000000 00000000 00000000 00000000 00000004 00000002 00000014 00000100 00000111 00000121 00000000 00000000 00000000
01B 090002000004 00000000 00000000 00000004 00000000 00000000 00000000 00000000 00000004 00000002 00000014 00000100 00000111 00000121 00000000 00000000 00000000
004 00CC01001000 00000000 00000001 00000000 00000000 00000000 00000000 00000000 00000004 00000002 00000014 00000100 00000111 00000121 00000000 00000000 00000000
005 037C12FFF00C 00000000 ffffffff 0000000c 00000000 00000000 00000000 00000000 00000004 00000002 00000014 00000100 00000111 00000122 00000000 00000000 00000000
006 038C12FFF003 00000000 ffffffff 00000003 00000000 00000000 00000000 00000000 00000000 00000002 00000014 00000100 00000111 00000122 00000000 00000000 00000000
007 00A001100000 00000000 00000100 00000000 00000000 00000000 00000000 00000000 00000000 00000002 00000014 00000100 00000111 00000122 00000000 00000000 00000000
008 00B001110000 00000000 00000110 00000000 00000000 00000000 00000000 00000000 00000000 00000002 00000014 00000100 00000111 00000122 00000000 00000000 00000000
009 04AA70000000 00000000 00000000 00000000 00000000 00000000 00000000 00000000 00000000 00000002 00000014 00000100 00000110 00000122 00000000 00000000 00000000
00A 04BB80000000 00000000 00000000 00000000 00000000 00000000 00000000 00000000 00000000 00000002 00000014 00000100 00000110 00000122 00000000 00000000 00000000
00B 090C1213001C 00000000 00000130 0000001c 00000000 00000000 00000000 00000000 00000000 00000002 00000014 00000100 00000112 00000122 00000000 00000000 00000000
00C 090002000003 00000000 00000000 00000003 00000000 00000000 00000000 00000000 00000000 00000002 00000014 00000100 00000112 00000122 00000000 00000000 00000000
003 09000200000D 00000000 00000000 0000000d 00000000 00000000 00000000 00000000 00000000 00000002 00000014 00000100 00000112 00000122 00000000 00000000 00000000
00D 009000000000 00000000 00000000 00000000 00000000 00000000 00000000 00000000 00000000 00000002 00000014 00000100 00000112 00000122 00000000 00000000 00000000
00E 107A00000000 00000000 00000000 00000000 00000000 00000000 00000000 00000000 00000000 00000002 00000000 00000100 00000112 00000122 00000000 00000000 00000000
00F 108B00000000 00000000 00000000 00000000 00000000 00000000 00000000 00000000 00000001 00000002 00000000 00000100 00000112 00000122 00000000 00000000 00000000
010 029789000000 00000000 00000000 00000000 00000000 00000000 00000000 00000000 00000001 00000003 00000000 00000100 00000112 00000122 00000000 00000000 00000000
011 107A10001000 00000000 00000001 00000000 00000000 00000000 00000000 00000000 00000001 00000003 00000003 00000100 00000112 00000122 00000000 00000000 00000000
012 108B10004000 00000000 00000004 00000000 00000000 00000000 00000000 00000000 00000002 00000003 00000003 00000100 00000112 00000122 00000000 00000000 00000000
013 029789000000 00000000 00000000 00000000 00000000 00000000 00000000 00000000 00000002 00000003 00000003 00000100 00000112 00000122 00000000 00000000 00000000
014 107A10002000 00000000 00000002 00000000 00000000 00000000 00000000 00000000 00000002 00000003 00000009 00000100 00000112 00000122 00000000 00000000 00000000
015 108B10008000 00000000 00000008 00000000 00000000 00000000 00000000 00000000 00000003 00000003 00000009 00000100 00000112 00000122 00000000 00000000 00000000
016 029789000000 00000000 00000000 00000000 00000000 00000000 00000000 00000000 00000003 00000003 00000009 00000100 00000112 00000122 00000000 00000000 00000000
017 107A10003000 00000000 00000003 00000000 00000000 00000000 00000000 00000000 00000003 00000003 00000012 00000100 00000112 00000122 00000000 00000000 00000000
018 108B1000C000 00000000 0000000c 00000000 00000000 00000000 00000000 00000000 00000004 00000003 00000012 00000100 00000112 00000122 00000000 00000000 00000000
019 029789000000 00000000 00000000 00000000 00000000 00000000 00000000 00000000 00000004 00000003 00000012 00000100 00000112 00000122 00000000 00000000 00000000
01A 119C00000000 00000000 00000000 00000000 00000000 00000000 00000000 00000000 00000004 00000003 0000001e 00000100 00000112 00000122 00000000 00000000 00000000
01B 090002000004 00000000 00000000 00000004 00000000 00000000 00000000 00000000 00000004 00000003 0000001e 00000100 00000112 00000122 00000000 00000000 00000000
004 00CC01001000 00000000 00000001 00000000 00000000 00000000 00000000 00000000 00000004 00000003 0000001e 00000100 00000112 00000122 00000000 00000000 00000000
005 037C12FFF00C 00000000 ffffffff 0000000c 00000000 00000000 00000000 00000000 00000004 00000003 0000001e 00000100 00000112 00000123 00000000 00000000 00000000
006 038C12FFF003 00000000 ffffffff 00000003 00000000 00000000 00000000 00000000 00000000 00000003 0000001e 00000100 00000112 00000123 00000000 00000000 00000000
007 00A001100000 00000000 00000100 00000000 00000000 00000000 00000000 00000000 00000000 00000003 0000001e 00000100 00000112 00000123 00000000 00000000 00000000
008 00B001110000 00000000 00000110 00000000 00000000 00000000 00000000 00000000 00000000 00000003 0000001e 00000100 00000112 00000123 00000000 00000000 00000000
009 04AA70000000 00000000 00000000 00000000 00000000 00000000 00000000 00000000 00000000 00000003 0000001e 00000100 00000110 00000123 00000000 00000000 00000000
00A 04BB80000000 00000000 00000000 00000000 00000000 00000000 00000000 00000000 00000000 00000003 0000001e 00000100 00000110 00000123 00000000 00000000 00000000
00B 090C1213001C 00000000 00000130 0000001c 00000000 00000000 00000000 00000000 00000000 00000003 0000001e 00000100 00000113 00000123 00000000 00000000 00000000
00C 090002000003 00000000 00000000 00000003 00000000 00000000 00000000 00000000 00000000 00000003 0000001e 00000100 00000113 00000123 00000000 00000000 00000000
003 09000200000D 00000000 00000000 0000000d 00000000 00000000 00000000 00000000 00000000 00000003 0000001e 00000100 00000113 00000123 00000000 00000000 00000000
00D 009000000000 00000000 00000000 00000000 00000000 00000000 00000000 00000000 00000000 00000003 0000001e 00000100 00000113 00000123 00000000 00000000 00000000
00E 107A00000000 00000000 00000000 00000000 00000000 00000000 00000000 00000000 00000000 00000003 00000000 00000100 00000113 00000123 00000000 00000000 00000000
00F 108B00000000 00000000 00000000 00000000 00000000 00000000 00000000 00000000 00000001 00000003 00000000 00000100 00000113 00000123 00000000 00000000 00000000
010 029789000000 00000000 00000000 00000000 00000000 00000000 00000000 00000000 00000001 00000004 00000000 00000100 00000113 00000123 00000000 00000000 00000000
011 107A10001000 00000000 00000001 00000000 00000000 00000000 00000000 00000000 00000001 00000004 00000004 00000100 00000113 00000123 00000000 00000000 00000000
012 108B10004000 00000000 00000004 00000000 00000000 00000000 00000000 00000000 00000002 00000004 00000004 00000100 00000113 00000123 00000000 00000000 00000000
013 029789000000 00000000 00000000 00000000 00000000 00000000 00000000 00000000 00000002 00000004 00000004 00000100 00000113 00000123 00000000 00000000 00000000
014 107A10002000 00000000 00000002 00000000 00000000 00000000 00000000 00000000 00000002 00000004 0000000c 00000100 00000113 00000123 00000000 00000000 00000000
015 108B10008000 00000000 00000008 00000000 00000000 00000000 00000000 00000000 00000003 00000004 0000000c 00000100 00000113 00000123 00000000 00000000 00000000
016 029789000000 00000000 00000000 00000000 00000000 00000000 00000000 00000000 00000003 00000004 0000000c 00000100 00000113 00000123 00000000 00000000 00000000
017 107A10003000 00000000 00000003 00000000 00000000 00000000 00000000 00000000 00000003 00000004 00000018 00000100 00000113 00000123 00000000 00000000 00000000
018 108B1000C000 00000000 0000000c 00000000 00000000 00000000 00000000 00000000 00000004 00000004 00000018 00000100 00000113 00000123 00000000 00000000 00000000
019 029789000000 00000000 00000000 00000000 00000000 00000000 00000000 00000000 00000004 00000004 00000018 00000100 00000113 00000123 00000000 00000000 00000000
01A 119C00000000 00000000 00000000 00000000 00000000 00000000 00000000 00000000 00000004 00000004 00000028 00000100 00000113 00000123 00000000 00000000 00000000
01B 090002000004 00000000 00000000 00000004 00000000 00000000 00000000 00000000 00000004 00000004 00000028 00000100 00000113 00000123 00000000 00000000 00000000
004 00CC01001000 00000000 00000001 00000000 00000000 00000000 00000000 00000000 00000004 00000004 00000028 00000100 00000113 00000123 00000000 00000000 00000000
005 037C12FFF00C 00000000 ffffffff 0000000c 00000000 00000000 00000000 00000000 00000004 00000004 00000028 00000100 00000113 00000124 00000000 00000000 00000000
006 038C12FFF003 00000000 ffffffff 00000003 00000000 00000000 00000000 00000000 00000004 00000004 00000028 00000100 00000113 00000124 00000000 00000000 00000000
007 00A001100000 00000000 00000100 00000000 00000000 00000000 00000000 00000000 00000004 00000000 00000028 00000100 00000113 00000124 00000000 00000000 00000000
008 00B001110000 00000000 00000110 00000000 00000000 00000000 00000000 00000000 00000004 00000000 00000028 00000100 00000113 00000124 00000000 00000000 00000000
009 04AA70000000 00000000 00000000 00000000 00000000 00000000 00000000 00000000 00000004 00000000 00000028 00000100 00000110 00000124 00000000 00000000 00000000
00A 04BB80000000 00000000 00000000 00000000 00000000 00000000 00000000 00000000 00000004 00000000 00000028 00000104 00000110 00000124 00000000 00000000 00000000
00B 090C1213001C 00000000 00000130 0000001c 00000000 00000000 00000000 00000000 00000004 00000000 00000028 00000104 00000110 00000124 00000000 00000000 00000000
00C 090002000003 00000000 00000000 00000003 00000000 00000000 00000000 00000000 00000004 00000000 00000028 00000104 00000110 00000124 00000000 00000000 00000000
003 09000200000D 00000000 00000000 0000000d 00000000 00000000 00000000 00000000 00000004 00000000 00000028 00000104 00000110 00000124 00000000 00000000 00000000
00D 009000000000 00000000 00000000 00000000 00000000 00000000 00000000 00000000 00000004 00000000 00000028 00000104 00000110 00000124 00000000 00000000 00000000
00E 107A00000000 00000000 00000000 00000000 00000000 00000000 00000000 00000000 00000004 00000000 00000000 00000104 00000110 00000124 00000000 00000000 00000000
00F 108B00000000 00000000 00000000 00000000 00000000 00000000 00000000 00000000 00000005 00000000 00000000 00000104 00000110 00000124 00000000 00000000 00000000
010 029789000000 00000000 00000000 00000000 00000000 00000000 00000000 00000000 00000005 00000001 00000000 00000104 00000110 00000124 00000000 00000000 00000000
011 107A10001000 00000000 00000001 00000000 00000000 00000000 00000000 00000000 00000005 00000001 00000005 00000104 00000110 00000124 00000000 00000000 00000000
012 108B10004000 00000000 00000004 00000000 00000000 00000000 00000000 00000000 00000006 00000001 00000005 00000104 00000110 00000124 00000000 00000000 00000000
013 029789000000 00000000 00000000 00000000 00000000 00000000 00000000 00000000 00000006 00000001 00000005 00000104 00000110 00000124 00000000 00000000 00000000
014 107A10002000 00000000 00000002 00000000 00000000 00000000 00000000 00000000 00000006 00000001 0000000b 00000104 00000110 00000124 00000000 00000000 00000000
015 108B10008000 00000000 00000008 00000000 00000000 00000000 00000000 00000000 00000007 00000001 0000000b 00000104 00000110 00000124 00000000 00000000 00000000
016 029789000000 00000000 00000000 00000000 00000000 00000000 00000000 00000000 00000007 00000001 0000000b 00000104 00000110 00000124 00000000 00000000 00000000
017 107A10003000 00000000 00000003 00000000 00000000 00000000 00000000 00000000 00000007 00000001 00000012 00000104 00000110 00000124 00000000 00000000 00000000
018 108B1000C000 00000000 0000000c 00000000 00000000 00000000 00000000 00000000 00000008 00000001 00000012 00000104 00000110 00000124 00000000 00000000 00000000
019 029789000000 00000000 00000000 00000000 00000000 00000000 00000000 00000000 00000008 00000001 00000012 00000104 00000110 00000124 00000000 00000000 00000000
01A 119C00000000 00000000 00000000 00000000 00000000 00000000 00000000 00000000 00000008 00000001 0000001a 00000104 00000110 00000124 00000000 00000000 00000000
01B 090002000004 00000000 00000000 00000004 00000000 00000000 00000000 00000000 00000008 00000001 0000001a 00000104 00000110 00000124 00000000 00000000 00000000
004 00CC01001000 00000000 00000001 00000000 00000000 00000000 00000000 00000000 00000008 00000001 0000001a 00000104 00000110 00000124 00000000 00000000 00000000
005 037C12FFF00C 00000000 ffffffff 0000000c 00000000 00000000 00000000 00000000 00000008 00000001 0000001a 00000104 00000110 00000125 00000000 00000000 00000000
006 038C12FFF003 00000000 ffffffff 00000003 00000000 00000000 00000000 00000000 00000004 00000001 0000001a 00000104 00000110 00000125 00000000 00000000 00000000
007 00A001100000 00000000 00000100 00000000 00000000 00000000 00000000 00000000 00000004 00000001 0000001a 00000104 00000110 00000125 00000000 00000000 00000000
008 00B001110000 00000000 00000110 00000000 00000000 00000000 00000000 00000000 00000004 00000001 0000001a 00000100 00000110 00000125 00000000 00000000 00000000
009 04AA70000000 00000000 00000000 00000000 00000000 00000000 00000000 00000000 00000004 00000001 0000001a 00000100 00000110 00000125 00000000 00000000 00000000
00A 04BB80000000 00000000 00000000 00000000 00000000 00000000 00000000 00000000 00000004 00000001 0000001a 00000104 00000110 00000125 00000000 00000000 00000000
00B 090C1213001C 00000000 00000130 0000001c 00000000 00000000 00000000 00000000 00000004 00000001 0000001a 00000104 00000111 00000125 00000000 00000000 00000000
00C 090002000003 00000000 00000000 00000003 00000000 00000000 00000000 00000000 00000004 00000001 0000001a 00000104 00000111 00000125 00000000 00000000 00000000
003 09000200000D 00000000 00000000 0000000d 00000000 00000000 00000000 00000000 00000004 00000001 0000001a 00000104 00000111 00000125 00000000 00000000 00000000
00D 009000000000 00000000 00000000 00000000 00000000 00000000 00000000 00000000 00000004 00000001 0000001a 00000104 00000111 00000125 00000000 00000000 00000000
00E 107A00000000 00000000 00000000 00000000 00000000 00000000 00000000 00000000 00000004 00000001 00000000 00000104 00000111 00000125 00000000 00000000 00000000
00F 108B00000000 00000000 00000000 00000000 00000000 00000000 00000000 00000000 00000005 00000001 00000000 00000104 00000111 00000125 00000000 00000000 00000000
010 029789000000 00000000 00000000 00000000 00000000 00000000 00000000 00000000 00000005 00000002 00000000 00000104 00000111 00000125 00000000 00000000 00000000
011 107A10001000 00000000 00000001 00000000 00000000 00000000 00000000 00000000 00000005 00000002 0000000a 00000104 00000111 00000125 00000000 00000000 00000000
012 108B10004000 00000000 00000004 00000000 00000000 00000000 00000000 00000000 00000006 00000002 0000000a 00000104 00000111 00000125 00000000 00000000 00000000
013 029789000000 00000000 00000000 00000000 00000000 00000000 00000000 00000000 00000006 00000002 0000000a 00000104 00000111 00000125 00000000 00000000 00000000
014 107A10002000 00000000 00000002 00000000 00000000 00000000 00000000 00000000 00000006 00000002 00000016 00000104 00000111 00000125 00000000 00000000 00000000
015 108B10008000 00000000 00000008 00000000 00000000 00000000 00000000 00000000 00000007 00000002 00000016 00000104 00000111 00000125 00000000 00000000 00000000
016 029789000000 00000000 00000000 00000000 00000000 00000000 00000000 00000000 00000007 00000002 00000016 00000104 00000111 00000125 00000000 00000000 00000000
017 107A10003000 00000000 00000003 00000000 00000000 00000000 00000000 00000000 00000007 00000002 00000024 00000104 00000111 00000125 00000000 00000000 00000000
018 108B1000C000 00000000 0000000c 00000000 00000000 00000000 00000000 00000000 00000008 00000002 00000024 00000104 00000111 00000125 00000000 00000000 00000000
019 029789000000 00000000 00000000 00000000 00000000 00000000 00000000 00000000 00000008 00000002 00000024 00000104 00000111 00000125 00000000 00000000 00000000
01A 119C00000000 00000000 00000000 00000000 00000000 00000000 00000000 00000000 00000008 00000002 00000034 00000104 00000111 00000125 00000000 00000000 00000000
01B 090002000004 00000000 00000000 00000004 00000000 00000000 00000000 00000000 00000008 00000002 00000034 00000104 00000111 00000125 00000000 00000000 00000000
004 00CC01001000 00000000 00000001 00000000 00000000 00000000 00000000 00000000 00000008 00000002 00000034 00000104 00000111 00000125 00000000 00000000 00000000
005 037C12FFF00C 00000000 ffffffff 0000000c 00000000 00000000 00000000 00000000 00000008 00000002 00000034 00000104 00000111 00000126 00000000 00000000 00000000
006 038C12FFF003 00000000 ffffffff 00000003 00000000 00000000 00000000 00000000 00000004 00000002 00000034 00000104 00000111 00000126 00000000 00000000 00000000
007 00A001100000 00000000 00000100 00000000 00000000 00000000 00000000 00000000 00000004 00000002 00000034 00000104 00000111 00000126 00000000 00000000 00000000
008 00B001110000 00000000 00000110 00000000 00000000 00000000 00000000 00000000 00000004 00000002 00000034 00000100 00000111 00000126 00000000 00000000 00000000
009 04AA70000000 00000000 00000000 00000000 00000000 00000000 00000000 00000000 00000004 00000002 00000034 00000100 00000110 00000126 00000000 00000000 00000000
00A 04BB80000000 00000000 00000000 00000000 00000000 00000000 00000000 00000000 00000004 00000002 00000034 00000104 00000110 00000126 00000000 00000000 00000000
00B 090C1213001C 00000000 00000130 0000001c 00000000 00000000 00000000 00000000 00000004 00000002 00000034 00000104 00000112 00000126 00000000 00000000 00000000
00C 090002000003 00000000 00000000 00000003 00000000 00000000 00000000 00000000 00000004 00000002 00000034 00000104 00000112 00000126 00000000 00000000 00000000
003 09000200000D 00000000 00000000 0000000d 00000000 00000000 00000000 00000000 00000004 00000002 00000034 00000104 00000112 00000126 00000000 00000000 00000000
00D 009000000000 00000000 00000000 00000000 00000000 00000000 00000000 00000000 00000004 00000002 00000034 00000104 00000112 00000126 00000000 00000000 00000000
00E 107A00000000 00000000 00000000 00000000 00000000 00000000 00000000 00000000 00000004 00000002 00000000 00000104 00000112 00000126 00000000 00000000 00000000
00F 108B00000000 00000000 00000000 00000000 00000000 00000000 00000000 00000000 00000005 00000002 00000000 00000104 00000112 00000126 00000000 00000000 00000000
010 029789000000 00000000 00000000 00000000 00000000 00000000 00000000 00000000 00000005 00000003 00000000 00000104 00000112 00000126 00000000 00000000 00000000
011 107A10001000 00000000 00000001 00000000 00000000 00000000 00000000 00000000 00000005 00000003 0000000f 00000104 00000112 00000126 00000000 00000000 00000000
012 108B10004000 00000000 00000004 00000000 00000000 00000000 00000000 00000000 00000006 00000003 0000000f 00000104 00000112 00000126 00000000 00000000 00000000
013 029789000000 00000000 00000000 00000000 00000000 00000000 00000000 00000000 00000006 00000003 0000000f 00000104 00000112 00000126 00000000 00000000 00000000
014 107A10002000 00000000 00000002 00000000 00000000 00000000 00000000 00000000 00000006 00000003 00000021 00000104 00000112 00000126 00000000 00000000 00000000
015 108B10008000 00000000 00000008 00000000 00000000 00000000 00000000 00000000 00000007 00000003 00000021 00000104 00000112 00000126 00000000 00000000 00000000
016 029789000000 00000000 00000000 00000000 00000000 00000000 00000000 00000000 00000007 00000003 00000021 00000104 00000112 00000126 00000000 00000000 00000000
017 107A10003000 00000000 00000003 00000000 00000000 00000000 00000000 00000000 00000007 00000003 00000036 00000104 00000112 00000126 00000000 00000000 00000000
018 108B1000C000 00000000 0000000c 00000000 00000000 00000000 00000000 00000000 00000008 00000003 00000036 00000104 00000112 00000126 00000000 00000000 00000000
019 029789000000 00000000 00000000 00000000 00000000 00000000 00000000 00000000 00000008 00000003 00000036 00000104 00000112 00000126 00000000 00000000 00000000
01A 119C00000000 00000000 00000000 00000000 00000000 00000000 00000000 00000000 00000008 00000003 0000004e 00000104 00000112 00000126 00000000 00000000 00000000
01B 090002000004 00000000 00000000 00000004 00000000 00000000 00000000 00000000 00000008 00000003 0000004e 00000104 00000112 00000126 00000000 00000000 00000000
004 00CC01001000 00000000 00000001 00000000 00000000 00000000 00000000 00000000 00000008 00000003 0000004e 00000104 00000112 00000126 00000000 00000000 00000000
005 037C12FFF00C 00000000 ffffffff 0000000c 00000000 00000000 00000000 00000000 00000008 00000003 0000004e 00000104 00000112 00000127 00000000 00000000 00000000
006 038C12FFF003 00000000 ffffffff 00000003 00000000 00000000 00000000 00000000 00000004 00000003 0000004e 00000104 00000112 00000127 00000000 00000000 00000000
007 00A001100000 00000000 00000100 00000000 00000000 00000000 00000000 00000000 00000004 00000003 0000004e 00000104 00000112 00000127 00000000 00000000 00000000
008 00B001110000 00000000 00000110 00000000 00000000 00000000 00000000 00000000 00000004 00000003 0000004e 00000100 00000112 00000127 00000000 00000000 00000000
009 04AA70000000 00000000 00000000 00000000 00000000 00000000 00000000 00000000 00000004 00000003 0000004e 00000100 00000110 00000127 00000000 00000000 00000000
00A 04BB80000000 00000000 00000000 00000000 00000000 00000000 00000000 00000000 00000004 00000003 0000004e 00000104 00000110 00000127 00000000 00000000 00000000
00B 090C1213001C 00000000 00000130 0000001c 00000000 00000000 00000000 00000000 00000004 00000003 0000004e 00000104 00000113 00000127 00000000 00000000 00000000
00C 090002000003 00000000 00000000 00000003 00000000 00000000 00000000 00000000 00000004 00000003 0000004e 00000104 00000113 00000127 00000000 00000000 00000000
003 09000200000D 00000000 00000000 0000000d 00000000 00000000 00000000 00000000 00000004 00000003 0000004e 00000104 00000113 00000127 00000000 00000000 00000000
00D 009000000000 00000000 00000000 00000000 00000000 00000000 00000000 00000000 00000004 00000003 0000004e 00000104 00000113 00000127 00000000 00000000 00000000
00E 107A00000000 00000000 00000000 00000000 00000000 00000000 00000000 00000000 00000004 00000003 00000000 00000104 00000113 00000127 00000000 00000000 00000000
00F 108B00000000 00000000 00000000 00000000 00000000 00000000 00000000 00000000 00000005 00000003 00000000 00000104 00000113 00000127 00000000 00000000 00000000
010 029789000000 00000000 00000000 00000000 00000000 00000000 00000000 00000000 00000005 00000004 00000000 00000104 00000113 00000127 00000000 00000000 00000000
011 107A10001000 00000000 00000001 00000000 00000000 00000000 00000000 00000000 00000005 00000004 00000014 00000104 00000113 00000127 00000000 00000000 00000000
012 108B10004000 00000000 00000004 00000000 00000000 00000000 00000000 00000000 00000006 00000004 00000014 00000104 00000113 00000127 00000000 00000000 00000000
013 029789000000 00000000 00000000 00000000 00000000 00000000 00000000 00000000 00000006 00000004 00000014 00000104 00000113 00000127 00000000 00000000 00000000
014 107A10002000 00000000 00000002 00000000 00000000 00000000 00000000 00000000 00000006 00000004 0000002c 00000104 00000113 00000127 00000000 00000000 00000000
015 108B10008000 00000000 00000008 00000000 00000000 00000000 00000000 00000000 00000007 00000004 0000002c 00000104 00000113 00000127 00000000 00000000 00000000
016 029789000000 00000000 00000000 00000000 00000000 00000000 00000000 00000000 00000007 00000004 0000002c 00000104 00000113 00000127 00000000 00000000 00000000
017 107A10003000 00000000 00000003 00000000 00000000 00000000 00000000 00000000 00000007 00000004 00000048 00000104 00000113 00000127 00000000 00000000 00000000
018 108B1000C000 00000000 0000000c 00000000 00000000 00000000 00000000 00000000 00000008 00000004 00000048 00000104 00000113 00000127 00000000 00000000 00000000
019 029789000000 00000000 00000000 00000000 00000000 00000000 00000000 00000000 00000008 00000004 00000048 00000104 00000113 00000127 00000000 00000000 00000000
01A 119C00000000 00000000 00000000 00000000 00000000 00000000 00000000 00000000 00000008 00000004 00000068 00000104 00000113 00000127 00000000 00000000 00000000
01B 090002000004 00000000 00000000 00000004 00000000 00000000 00000000 00000000 00000008 00000004 00000068 00000104 00000113 00000127 00000000 00000000 00000000
004 00CC01001000 00000000 00000001 00000000 00000000 00000000 00000000 00000000 00000008 00000004 00000068 00000104 00000113 00000127 00000000 00000000 00000000
005 037C12FFF00C 00000000 ffffffff 0000000c 00000000 00000000 00000000 00000000 00000008 00000004 00000068 00000104 00000113 00000128 00000000 00000000 00000000
006 038C12FFF003 00000000 ffffffff 00000003 00000000 00000000 00000000 00000000 00000008 00000004 00000068 00000104 00000113 00000128 00000000 00000000 00000000
007 00A001100000 00000000 00000100 00000000 00000000 00000000 00000000 00000000 00000008 00000000 00000068 00000104 00000113 00000128 00000000 00000000 00000000
008 00B001110000 00000000 00000110 00000000 00000000 00000000 00000000 00000000 00000008 00000000 00000068 00000100 00000113 00000128 00000000 00000000 00000000
009 04AA70000000 00000000 00000000 00000000 00000000 00000000 00000000 00000000 00000008 00000000 00000068 00000100 00000110 00000128 00000000 00000000 00000000
00A 04BB80000000 00000000 00000000 00000000 00000000 00000000 00000000 00000000 00000008 00000000 00000068 00000108 00000110 00000128 00000000 00000000 00000000
00B 090C1213001C 00000000 00000130 0000001c 00000000 00000000 00000000 00000000 00000008 00000000 00000068 00000108 00000110 00000128 00000000 00000000 00000000
00C 090002000003 00000000 00000000 00000003 00000000 00000000 00000000 00000000 00000008 00000000 00000068 00000108 00000110 00000128 00000000 00000000 00000000
003 09000200000D 00000000 00000000 0000000d 00000000 00000000 00000000 00000000 00000008 00000000 00000068 00000108 00000110 00000128 00000000 00000000 00000000
00D 009000000000 00000000 00000000 00000000 00000000 00000000 00000000 00000000 00000008 00000000 00000068 00000108 00000110 00000128 00000000 00000000 00000000
00E 107A00000000 00000000 00000000 00000000 00000000 00000000 00000000 00000000 00000008 00000000 00000000 00000108 00000110 00000128 00000000 00000000 00000000
00F 108B00000000 00000000 00000000 00000000 00000000 00000000 00000000 00000000 00000009 00000000 00000000 00000108 00000110 00000128 00000000 00000000 00000000
010 029789000000 00000000 00000000 00000000 00000000 00000000 00000000 00000000 00000009 00000001 00000000 00000108 00000110 00000128 00000000 00000000 00000000
011 107A10001000 00000000 00000001 00000000 00000000 00000000 00000000 00000000 00000009 00000001 00000009 00000108 00000110 00000128 00000000 00000000 00000000
012 108B10004000 00000000 00000004 00000000 00000000 00000000 00000000 00000000 0000000a 00000001 00000009 00000108 00000110 00000128 00000000 00000000 00000000
013 029789000000 00000000 00000000 00000000 00000000 00000000 00000000 00000000 0000000a 00000001 00000009 00000108 00000110 00000128 00000000 00000000 00000000
014 107A10002000 00000000 00000002 00000000 00000000 00000000 00000000 00000000 0000000a 00000001 00000013 00000108 00000110 00000128 00000000 00000000 00000000
015 108B10008000 00000000 00000008 00000000 00000000 00000000 00000000 00000000 0000000b 00000001 00000013 00000108 00000110 00000128 00000000 00000000 00000000
016 029789000000 00000000 00000000 00000000 00000000 00000000 00000000 00000000 0000000b 00000001 00000013 00000108 00000110 00000128 00000000 00000000 00000000
017 107A10003000 00000000 00000003 00000000 00000000 00000000 00000000 00000000 0000000b 00000001 0000001e 00000108 00000110 00000128 00000000 00000000 00000000
018 108B1000C000 00000000 0000000c 00000000 00000000 00000000 00000000 00000000 0000000c 00000001 0000001e 00000108 00000110 00000128 00000000 00000000 00000000
019 029789000000 00000000 00000000 00000000 00000000 00000000 00000000 00000000 0000000c 00000001 0000001e 00000108 00000110 00000128 00000000 00000000 00000000
01A 119C00000000 00000000 00000000 00000000 00000000 00000000 00000000 00000000 0000000c 00000001 0000002a 00000108 00000110 00000128 00000000 00000000 00000000
01B 090002000004 00000000 00000000 00000004 00000000 00000000 00000000 00000000 0000000c 00000001 0000002a 00000108 00000110 00000128 00000000 00000000 00000000
004 00CC01001000 00000000 00000001 00000000 00000000 00000000 00000000 00000000 0000000c 00000001 0000002a 00000108 00000110 00000128 00000000 00000000 00000000
005 037C12FFF00C 00000000 ffffffff 0000000c 00000000 00000000 00000000 00000000 0000000c 00000001 0000002a 00000108 00000110 00000129 00000000 00000000 00000000
006 038C12FFF003 00000000 ffffffff 00000003 00000000 00000000 00000000 00000000 00000008 00000001 0000002a 00000108 00000110 00000129 00000000 00000000 00000000
007 00A001100000 00000000 00000100 00000000 00000000 00000000 00000000 00000000 00000008 00000001 0000002a 00000108 00000110 00000129 00000000 00000000 00000000
008 00B001110000 00000000 00000110 00000000 00000000 00000000 00000000 00000000 00000008 00000001 0000002a 00000100 00000110 00000129 00000000 00000000 00000000
009 04AA70000000 00000000 00000000 00000000 00000000 00000000 00000000 00000000 00000008 00000001 0000002a 00000100 00000110 00000129 00000000 00000000 00000000
00A 04BB80000000 00000000 00000000 00000000 00000000 00000000 00000000 00000000 00000008 00000001 0000002a 00000108 00000110 00000129 00000000 00000000 00000000
00B 090C1213001C 00000000 00000130 0000001c 00000000 00000000 00000000 00000000 00000008 00000001 0000002a 00000108 00000111 00000129 00000000 00000000 00000000
00C 090002000003 00000000 00000000 00000003 00000000 00000000 00000000 00000000 00000008 00000001 0000002a 00000108 00000111 00000129 00000000 00000000 00000000
003 09000200000D 00000000 00000000 0000000d 00000000 00000000 00000000 00000000 00000008 00000001 0000002a 00000108 00000111 00000129 00000000 00000000 00000000
00D 009000000000 00000000 00000000 00000000 00000000 00000000 00000000 00000000 00000008 00000001 0000002a 00000108 00000111 00000129 00000000 00000000 00000000
00E 107A00000000 00000000 00000000 00000000 00000000 00000000 00000000 00000000 00000008 00000001 00000000 00000108 00000111 00000129 00000000 00000000 00000000
00F 108B00000000 00000000 00000000 00000000 00000000 00000000 00000000 00000000 00000009 00000001 00000000 00000108 00000111 00000129 00000000 00000000 00000000
010 029789000000 00000000 00000000 00000000 00000000 00000000 00000000 00000000 00000009 00000002 00000000 00000108 00000111 00000129 00000000 00000000 00000000
011 107A10001000 00000000 00000001 00000000 00000000 00000000 00000000 00000000 00000009 00000002 00000012 00000108 00000111 00000129 00000000 00000000 00000000
012 108B10004000 00000000 00000004 00000000 00000000 00000000 00000000 00000000 0000000a 00000002 00000012 00000108 00000111 00000129 00000000 00000000 00000000
013 029789000000 00000000 00000000 00000000 00000000 00000000 00000000 00000000 0000000a 00000002 00000012 00000108 00000111 00000129 00000000 00000000 00000000
014 107A10002000 00000000 00000002 00000000 00000000 00000000 00000000 00000000 0000000a 00000002 00000026 00000108 00000111 00000129 00000000 00000000 00000000
015 108B10008000 00000000 00000008 00000000 00000000 00000000 00000000 00000000 0000000b 00000002 00000026 00000108 00000111 00000129 00000000 00000000 00000000
016 029789000000 00000000 00000000 00000000 00000000 00000000 00000000 00000000 0000000b 00000002 00000026 00000108 00000111 00000129 00000000 00000000 00000000
017 107A10003000 00000000 00000003 00000000 00000000 00000000 00000000 00000000 0000000b 00000002 0000003c 00000108 00000111 00000129 00000000 00000000 00000000
018 108B1000C000 00000000 0000000c 00000000 00000000 00000000 00000000 00000000 0000000c 00000002 0000003c 00000108 00000111 00000129 00000000 00000000 00000000
019 029789000000 00000000 00000000 00000000 00000000 00000000 00000000 00000000 0000000c 00000002 0000003c 00000108 00000111 00000129 00000000 00000000 00000000
01A 119C00000000 00000000 00000000 00000000 00000000 00000000 00000000 00000000 0000000c 00000002 00000054 00000108 00000111 00000129 00000000 00000000 00000000
01B 090002000004 00000000 00000000 00000004 00000000 00000000 00000000 00000000 0000000c 00000002 00000054 00000108 00000111 00000129 00000000 00000000 00000000
004 00CC01001000 00000000 00000001 00000000 00000000 00000000 00000000 00000000 0000000c 00000002 00000054 00000108 00000111 00000129 00000000 00000000 00000000
005 037C12FFF00C 00000000 ffffffff 0000000c 00000000 00000000 00000000 00000000 0000000c 00000002 00000054 00000108 00000111 0000012a 00000000 00000000 00000000
006 038C12FFF003 00000000 ffffffff 00000003 00000000 00000000 00000000 00000000 00000008 00000002 00000054 00000108 00000111 0000012a 00000000 00000000 00000000
007 00A001100000 00000000 00000100 00000000 00000000 00000000 00000000 00000000 00000008 00000002 00000054 00000108 00000111 0000012a 00000000 00000000 00000000
008 00B001110000 00000000 00000110 00000000 00000000 00000000 00000000 00000000 00000008 00000002 00000054 00000100 00000111 0000012a 00000000 00000000 00000000
009 04AA70000000 00000000 00000000 00000000 00000000 00000000 00000000 00000000 00000008 00000002 00000054 00000100 00000110 0000012a 00000000 00000000 00000000
00A 04BB80000000 00000000 00000000 00000000 00000000 00000000 00000000 00000000 00000008 00000002 00000054 00000108 00000110 0000012a 00000000 00000000 00000000
00B 090C1213001C 00000000 00000130 0000001c 00000000 00000000 00000000 00000000 00000008 00000002 00000054 00000108 00000112 0000012a 00000000 00000000 00000000
00C 090002000003 00000000 00000000 00000003 00000000 00000000 00000000 00000000 00000008 00000002 00000054 00000108 00000112 0000012a 00000000 00000000 00000000
003 09000200000D 00000000 00000000 0000000d 00000000 00000000 00000000 00000000 00000008 00000002 00000054 00000108 00000112 0000012a 00000000 00000000 00000000
00D 009000000000 00000000 00000000 00000000 00000000 00000000 00000000 00000000 00000008 00000002 00000054 00000108 00000112 0000012a 00000000 00000000 00000000
00E 107A00000000 00000000 00000000 00000000 00000000 00000000 00000000 00000000 00000008 00000002 00000000 00000108 00000112 0000012a 00000000 00000000 00000000
00F 108B00000000 00000000 00000000 00000000 00000000 00000000 00000000 00000000 00000009 00000002 00000000 00000108 00000112 0000012a 00000000 00000000 00000000
010 029789000000 00000000 00000000 00000000 00000000 00000000 00000000 00000000 00000009 00000003 00000000 00000108 00000112 0000012a 00000000 00000000 00000000
011 107A10001000 00000000 00000001 00000000 00000000 00000000 00000000 00000000 00000009 00000003 0000001b 00000108 00000112 0000012a 00000000 00000000 00000000
012 108B10004000 00000000 00000004 00000000 00000000 00000000 00000000 00000000 0000000a 00000003 0000001b 00000108 00000112 0000012a 00000000 00000000 00000000
013 029789000000 00000000 00000000 00000000 00000000 00000000 00000000 00000000 0000000a 00000003 0000001b 00000108 00000112 0000012a 00000000 00000000 00000000
014 107A10002000 00000000 00000002 00000000 00000000 00000000 00000000 00000000 0000000a 00000003 00000039 00000108 00000112 0000012a 00000000 00000000 00000000
015 108B10008000 00000000 00000008 00000000 00000000 00000000 00000000 00000000 0000000b 00000003 00000039 00000108 00000112 0000012a 00000000 00000000 00000000
016 029789000000 00000000 00000000 00000000 00000000 00000000 00000000 00000000 0000000b 00000003 00000039 00000108 00000112 0000012a 00000000 00000000 00000000
017 107A10003000 00000000 00000003 00000000 00000000 00000000 00000000 00000000 0000000b 00000003 0000005a 00000108 00000112 0000012a 00000000 00000000 00000000
018 108B1000C000 00000000 0000000c 00000000 00000000 00000000 00000000 00000000 0000000c 00000003 0000005a 00000108 00000112 0000012a 00000000 00000000 00000000
019 029789000000 00000000 00000000 00000000 00000000 00000000 00000000 00000000 0000000c 00000003 0000005a 00000108 00000112 0000012a 00000000 00000000 00000000
01A 119C00000000 00000000 00000000 00000000 00000000 00000000 00000000 00000000 0000000c 00000003 0000007e 00000108 00000112 0000012a 00000000 00000000 00000000
01B 090002000004 00000000 00000000 00000004 00000000 00000000 00000000 00000000 0000000c 00000003 0000007e 00000108 00000112 0000012a 00000000 00000000 00000000
004 00CC01001000 00000000 00000001 00000000 00000000 00000000 00000000 00000000 0000000c 00000003 0000007e 00000108 00000112 0000012a 00000000 00000000 00000000
005 037C12FFF00C 00000000 ffffffff 0000000c 00000000 00000000 00000000 00000000 0000000c 00000003 0000007e 00000108 00000112 0000012b 00000000 00000000 00000000
006 038C12FFF003 00000000 ffffffff 00000003 00000000 00000000 00000000 00000000 00000008 00000003 0000007e 00000108 00000112 0000012b 00000000 00000000 00000000
007 00A001100000 00000000 00000100 00000000 00000000 00000000 00000000 00000000 00000008 00000003 0000007e 00000108 00000112 0000012b 00000000 00000000 00000000
008 00B001110000 00000000 00000110 00000000 00000000 00000000 00000000 00000000 00000008 00000003 0000007e 00000100 00000112 0000012b 00000000 00000000 00000000
009 04AA70000000 00000000 00000000 00000000 00000000 00000000 00000000 00000000 00000008 00000003 0000007e 00000100 00000110 0000012b 00000000 00000000 00000000
00A 04BB80000000 00000000 00000000 00000000 00000000 00000000 00000000 00000000 00000008 00000003 0000007e 00000108 00000110 0000012b 00000000 00000000 00000000
00B 090C1213001C 00000000 00000130 0000001c 00000000 00000000 00000000 00000000 00000008 00000003 0000007e 00000108 00000113 0000012b 00000000 00000000 00000000
00C 090002000003 00000000 00000000 00000003 00000000 00000000 00000000 00000000 00000008 00000003 0000007e 00000108 00000113 0000012b 00000000 00000000 00000000
003 09000200000D 00000000 00000000 0000000d 00000000 00000000 00000000 00000000 00000008 00000003 0000007e 00000108 00000113 0000012b 00000000 00000000 00000000
00D 009000000000 00000000 00000000 00000000 00000000 00000000 00000000 00000000 00000008 00000003 0000007e 00000108 00000113 0000012b 00000000 00000000 00000000
00E 107A00000000 00000000 00000000 00000000 00000000 00000000 00000000 00000000 00000008 00000003 00000000 00000108 00000113 0000012b 00000000 00000000 00000000
00F 108B00000000 00000000 00000000 00000000 00000000 00000000 00000000 00000000 00000009 00000003 00000000 00000108 00000113 0000012b 00000000 00000000 00000000
010 029789000000 00000000 00000000 00000000 00000000 00000000 00000000 00000000 00000009 00000004 00000000 00000108 00000113 0000012b 00000000 00000000 00000000
011 107A10001000 00000000 00000001 00000000 00000000 00000000 00000000 00000000 00000009 00000004 00000024 00000108 00000113 0000012b 00000000 00000000 00000000
012 108B10004000 00000000 00000004 00000000 00000000 00000000 00000000 00000000 0000000a 00000004 00000024 00000108 00000113 0000012b 00000000 00000000 00000000
013 029789000000 00000000 00000000 00000000 00000000 00000000 00000000 00000000 0000000a 00000004 00000024 00000108 00000113 0000012b 00000000 00000000 00000000
014 107A10002000 00000000 00000002 00000000 00000000 00000000 00000000 00000000 0000000a 00000004 0000004c 00000108 00000113 0000012b 00000000 00000000 00000000
015 108B10008000 00000000 00000008 00000000 00000000 00000000 00000000 00000000 0000000b 00000004 0000004c 00000108 00000113 0000012b 00000000 00000000 00000000
016 029789000000 00000000 00000000 00000000 00000000 00000000 00000000 00000000 0000000b 00000004 0000004c 00000108 00000113 0000012b 00000000 00000000 00000000
017 107A10003000 00000000 00000003 00000000 00000000 00000000 00000000 00000000 0000000b 00000004 00000078 00000108 00000113 0000012b 00000000 00000000 00000000
018 108B1000C000 00000000 0000000c 00000000 00000000 00000000 00000000 00000000 0000000c 00000004 00000078 00000108 00000113 0000012b 00000000 00000000 00000000
019 029789000000 00000000 00000000 00000000 00000000 00000000 00000000 00000000 0000000c 00000004 00000078 00000108 00000113 0000012b 00000000 00000000 00000000
01A 119C00000000 00000000 00000000 00000000 00000000 00000000 00000000 00000000 0000000c 00000004 000000a8 00000108 00000113 0000012b 00000000 00000000 00000000
01B 090002000004 00000000 00000000 00000004 00000000 00000000 00000000 00000000 0000000c 00000004 000000a8 00000108 00000113 0000012b 00000000 00000000 00000000
004 00CC01001000 00000000 00000001 00000000 00000000 00000000 00000000 00000000 0000000c 00000004 000000a8 00000108 00000113 0000012b 00000000 00000000 00000000
005 037C12FFF00C 00000000 ffffffff 0000000c 00000000 00000000 00000000 00000000 0000000c 00000004 000000a8 00000108 00000113 0000012c 00000000 00000000 00000000
006 038C12FFF003 00000000 ffffffff 00000003 00000000 00000000 00000000 00000000 0000000c 00000004 000000a8 00000108 00000113 0000012c 00000000 00000000 00000000
007 00A001100000 00000000 00000100 00000000 00000000 00000000 00000000 00000000 0000000c 00000000 000000a8 00000108 00000113 0000012c 00000000 00000000 00000000
008 00B001110000 00000000 00000110 00000000 00000000 00000000 00000000 00000000 0000000c 00000000 000000a8 00000100 00000113 0000012c 00000000 00000000 00000000
009 04AA70000000 00000000 00000000 00000000 00000000 00000000 00000000 00000000 0000000c 00000000 000000a8 00000100 00000110 0000012c 00000000 00000000 00000000
00A 04BB80000000 00000000 00000000 00000000 00000000 00000000 00000000 00000000 0000000c 00000000 000000a8 0000010c 00000110 0000012c 00000000 00000000 00000000
00B 090C1213001C 00000000 00000130 0000001c 00000000 00000000 00000000 00000000 0000000c 00000000 000000a8 0000010c 00000110 0000012c 00000000 00000000 00000000
00C 090002000003 00000000 00000000 00000003 00000000 00000000 00000000 00000000 0000000c 00000000 000000a8 0000010c 00000110 0000012c 00000000 00000000 00000000
003 09000200000D 00000000 00000000 0000000d 00000000 00000000 00000000 00000000 0000000c 00000000 000000a8 0000010c 00000110 0000012c 00000000 00000000 00000000
00D 009000000000 00000000 00000000 00000000 00000000 00000000 00000000 00000000 0000000c 00000000 000000a8 0000010c 00000110 0000012c 00000000 00000000 00000000
00E 107A00000000 00000000 00000000 00000000 00000000 00000000 00000000 00000000 0000000c 00000000 00000000 0000010c 00000110 0000012c 00000000 00000000 00000000
00F 108B00000000 00000000 00000000 00000000 00000000 00000000 00000000 00000000 0000000d 00000000 00000000 0000010c 00000110 0000012c 00000000 00000000 00000000
010 029789000000 00000000 00000000 00000000 00000000 00000000 00000000 00000000 0000000d 00000001 00000000 0000010c 00000110 0000012c 00000000 00000000 00000000
011 107A10001000 00000000 00000001 00000000 00000000 00000000 00000000 00000000 0000000d 00000001 0000000d 0000010c 00000110 0000012c 00000000 00000000 00000000
012 108B10004000 00000000 00000004 00000000 00000000 00000000 00000000 00000000 0000000e 00000001 0000000d 0000010c 00000110 0000012c 00000000 00000000 00000000
013 029789000000 00000000 00000000 00000000 00000000 00000000 00000000 00000000 0000000e 00000001 0000000d 0000010c 00000110 0000012c 00000000 00000000 00000000
014 107A10002000 00000000 00000002 00000000 00000000 00000000 00000000 00000000 0000000e 00000001 0000001b 0000010c 00000110 0000012c 00000000 00000000 00000000
015 108B10008000 00000000 00000008 00000000 00000000 00000000 00000000 00000000 0000000f 00000001 0000001b 0000010c 00000110 0000012c 00000000 00000000 00000000
016 029789000000 00000000 00000000 00000000 00000000 00000000 00000000 00000000 0000000f 00000001 0000001b 0000010c 00000110 0000012c 00000000 00000000 00000000
017 107A10003000 00000000 00000003 00000000 00000000 00000000 00000000 00000000 0000000f 00000001 0000002a 0000010c 00000110 0000012c 00000000 00000000 00000000
018 108B1000C000 00000000 0000000c 00000000 00000000 00000000 00000000 00000000 00000010 00000001 0000002a 0000010c 00000110 0000012c 00000000 00000000 00000000
019 029789000000 00000000 00000000 00000000 00000000 00000000 00000000 00000000 00000010 00000001 0000002a 0000010c 00000110 0000012c 00000000 00000000 00000000
01A 119C00000000 00000000 00000000 00000000 00000000 00000000 00000000 00000000 00000010 00000001 0000003a 0000010c 00000110 0000012c 00000000 00000000 00000000
01B 090002000004 00000000 00000000 00000004 00000000 00000000 00000000 00000000 00000010 00000001 0000003a 0000010c 00000110 0000012c 00000000 00000000 00000000
004 00CC01001000 00000000 00000001 00000000 00000000 00000000 00000000 00000000 00000010 00000001 0000003a 0000010c 00000110 0000012c 00000000 00000000 00000000
005 037C12FFF00C 00000000 ffffffff 0000000c 00000000 00000000 00000000 00000000 00000010 00000001 0000003a 0000010c 00000110 0000012d 00000000 00000000 00000000
006 038C12FFF003 00000000 ffffffff 00000003 00000000 00000000 00000000 00000000 0000000c 00000001 0000003a 0000010c 00000110 0000012d 00000000 00000000 00000000
007 00A001100000 00000000 00000100 00000000 00000000 00000000 00000000 00000000 0000000c 00000001 0000003a 0000010c 00000110 0000012d 00000000 00000000 00000000
008 00B001110000 00000000 00000110 00000000 00000000 00000000 00000000 00000000 0000000c 00000001 0000003a 00000100 00000110 0000012d 00000000 00000000 00000000
009 04AA70000000 00000000 00000000 00000000 00000000 00000000 00000000 00000000 0000000c 00000001 0000003a 00000100 00000110 0000012d 00000000 00000000 00000000
00A 04BB80000000 00000000 00000000 00000000 00000000 00000000 00000000 00000000 0000000c 00000001 0000003a 0000010c 00000110 0000012d 00000000 00000000 00000000
00B 090C1213001C 00000000 00000130 0000001c 00000000 00000000 00000000 00000000 0000000c 00000001 0000003a 0000010c 00000111 0000012d 00000000 00000000 00000000
00C 090002000003 00000000 00000000 00000003 00000000 00000000 00000000 00000000 0000000c 00000001 0000003a 0000010c 00000111 0000012d 00000000 00000000 00000000
003 09000200000D 00000000 00000000 0000000d 00000000 00000000 00000000 00000000 0000000c 00000001 0000003a 0000010c 00000111 0000012d 00000000 00000000 00000000
00D 009000000000 00000000 00000000 00000000 00000000 00000000 00000000 00000000 0000000c 00000001 0000003a 0000010c 00000111 0000012d 00000000 00000000 00000000
00E 107A00000000 00000000 00000000 00000000 00000000 00000000 00000000 00000000 0000000c 00000001 00000000 0000010c 00000111 0000012d 00000000 00000000 00000000
00F 108B00000000 00000000 00000000 00000000 00000000 00000000 00000000 00000000 0000000d 00000001 00000000 0000010c 00000111 0000012d 00000000 00000000 00000000
010 029789000000 00000000 00000000 00000000 00000000 00000000 00000000 00000000 0000000d 00000002 00000000 0000010c 00000111 0000012d 00000000 00000000 00000000
011 107A10001000 00000000 00000001 00000000 00000000 00000000 00000000 00000000 0000000d 00000002 0000001a 0000010c 00000111 0000012d 00000000 00000000 00000000
012 108B10004000 00000000 00000004 00000000 00000000 00000000 00000000 00000000 0000000e 00000002 0000001a 0000010c 00000111 0000012d 00000000 00000000 00000000
013 029789000000 00000000 00000000 00000000 00000000 00000000 00000000 00000000 0000000e 00000002 0000001a 0000010c 00000111 0000012d 00000000 00000000 00000000
014 107A10002000 00000000 00000002 00000000 00000000 00000000 00000000 00000000 0000000e 00000002 00000036 0000010c 00000111 0000012d 00000000 00000000 00000000
015 108B10008000 00000000 00000008 00000000 00000000 00000000 00000000 00000000 0000000f 00000002 00000036 0000010c 00000111 0000012d 00000000 00000000 00000000
016 029789000000 00000000 00000000 00000000 00000000 00000000 00000000 00000000 0000000f 00000002 00000036 0000010c 00000111 0000012d 00000000 00000000 00000000
017 107A10003000 00000000 00000003 00000000 00000000 00000000 00000000 00000000 0000000f 00000002 00000054 0000010c 00000111 0000012d 00000000 00000000 00000000
018 108B1000C000 00000000 0000000c 00000000 00000000 00000000 00000000 00000000 00000010 00000002 00000054 0000010c 00000111 0000012d 00000000 00000000 00000000
019 029789000000 00000000 00000000 00000000 00000000 00000000 00000000 00000000 00000010 00000002 00000054 0000010c 00000111 0000012d 00000000 00000000 00000000
01A 119C00000000 00000000 00000000 00000000 00000000 00000000 00000000 00000000 00000010 00000002 00000074 0000010c 00000111 0000012d 00000000 00000000 00000000
01B 090002000004 00000000 00000000 00000004 00000000 00000000 00000000 00000000 00000010 00000002 00000074 0000010c 00000111 0000012d 00000000 00000000 00000000
004 00CC01001000 00000000 00000001 00000000 00000000 00000000 00000000 00000000 00000010 00000002 00000074 0000010c 00000111 0000012d 00000000 00000000 00000000
005 037C12FFF00C 00000000 ffffffff 0000000c 00000000 00000000 00000000 00000000 00000010 00000002 00000074 0000010c 00000111 0000012e 00000000 00000000 00000000
006 038C12FFF003 00000000 ffffffff 00000003 00000000 00000000 00000000 00000000 0000000c 00000002 00000074 0000010c 00000111 0000012e 00000000 00000000 00000000
007 00A001100000 00000000 00000100 00000000 00000000 00000000 00000000 00000000 0000000c 00000002 00000074 0000010c 00000111 0000012e 00000000 00000000 00000000
008 00B001110000 00000000 00000110 00000000 00000000 00000000 00000000 00000000 0000000c 00000002 00000074 00000100 00000111 0000012e 00000000 00000000 00000000
009 04AA70000000 00000000 00000000 00000000 00000000 00000000 00000000 00000000 0000000c 00000002 00000074 00000100 00000110 0000012e 00000000 00000000 00000000
00A 04BB80000000 00000000 00000000 00000000 00000000 00000000 00000000 00000000 0000000c 00000002 00000074 0000010c 00000110 0000012e 00000000 00000000 00000000
00B 090C1213001C 00000000 00000130 0000001c 00000000 00000000 00000000 00000000 0000000c 00000002 00000074 0000010c 00000112 0000012e 00000000 00000000 00000000
00C 090002000003 00000000 00000000 00000003 00000000 00000000 00000000 00000000 0000000c 00000002 00000074 0000010c 00000112 0000012e 00000000 00000000 00000000
003 09000200000D 00000000 00000000 0000000d 00000000 00000000 00000000 00000000 0000000c 00000002 00000074 0000010c 00000112 0000012e 00000000 00000000 00000000
00D 009000000000 00000000 00000000 00000000 00000000 00000000 00000000 00000000 0000000c 00000002 00000074 0000010c 00000112 0000012e 00000000 00000000 00000000
00E 107A00000000 00000000 00000000 00000000 00000000 00000000 00000000 00000000 0000000c 00000002 00000000 0000010c 00000112 0000012e 00000000 00000000 00000000
00F 108B00000000 00000000 00000000 00000000 00000000 00000000 00000000 00000000 0000000d 00000002 00000000 0000010c 00000112 0000012e 00000000 00000000 00000000
010 029789000000 00000000 00000000 00000000 00000000 00000000 00000000 00000000 0000000d 00000003 00000000 0000010c 00000112 0000012e 00000000 00000000 00000000
011 107A10001000 00000000 00000001 00000000 00000000 00000000 00000000 00000000 0000000d 00000003 00000027 0000010c 00000112 0000012e 00000000 00000000 00000000
012 108B10004000 00000000 00000004 00000000 00000000 00000000 00000000 00000000 0000000e 00000003 00000027 0000010c 00000112 0000012e 00000000 00000000 00000000
013 029789000000 00000000 00000000 00000000 00000000 00000000 00000000 00000000 0000000e 00000003 00000027 0000010c 00000112 0000012e 00000000 00000000 00000000
014 107A10002000 00000000 00000002 00000000 00000000 00000000 00000000 00000000 0000000e 00000003 00000051 0000010c 00000112 0000012e 00000000 00000000 00000000
015 108B10008000 00000000 00000008 00000000 00000000 00000000 00000000 00000000 0000000f 00000003 00000051 0000010c 00000112 0000012e 00000000 00000000 00000000
016 029789000000 00000000 00000000 00000000 00000000 00000000 00000000 00000000 0000000f 00000003 00000051 0000010c 00000112 0000012e 00000000 00000000 00000000
017 107A10003000 00000000 00000003 00000000 00000000 00000000 00000000 00000000 0000000f 00000003 0000007e 0000010c 00000112 0000012e 00000000 00000000 00000000
018 108B1000C000 00000000 0000000c 00000000 00000000 00000000 00000000 00000000 00000010 00000003 0000007e 0000010c 00000112 0000012e 00000000 00000000 00000000
019 029789000000 00000000 00000000 00000000 00000000 00000000 00000000 00000000 00000010 00000003 0000007e 0000010c 00000112 0000012e 00000000 00000000 00000000
01A 119C00000000 00000000 00000000 00000000 00000000 00000000 00000000 00000000 00000010 00000003 000000ae 0000010c 00000112 0000012e 00000000 00000000 00000000
01B 090002000004 00000000 00000000 00000004 00000000 00000000 00000000 00000000 00000010 00000003 000000ae 0000010c 00000112 0000012e 00000000 00000000 00000000
004 00CC01001000 00000000 00000001 00000000 00000000 00000000 00000000 00000000 00000010 00000003 000000ae 0000010c 00000112 0000012e 00000000 00000000 00000000
005 037C12FFF00C 00000000 ffffffff 0000000c 00000000 00000000 00000000 00000000 00000010 00000003 000000ae 0000010c 00000112 0000012f 00000000 00000000 00000000
006 038C12FFF003 00000000 ffffffff 00000003 00000000 00000000 00000000 00000000 0000000c 00000003 000000ae 0000010c 00000112 0000012f 00000000 00000000 00000000
007 00A001100000 00000000 00000100 00000000 00000000 00000000 00000000 00000000 0000000c 00000003 000000ae 0000010c 00000112 0000012f 00000000 00000000 00000000
008 00B001110000 00000000 00000110 00000000 00000000 00000000 00000000 00000000 0000000c 00000003 000000ae 00000100 00000112 0000012f 00000000 00000000 00000000
009 04AA70000000 00000000 00000000 00000000 00000000 00000000 00000000 00000000 0000000c 00000003 000000ae 00000100 00000110 0000012f 00000000 00000000 00000000
00A 04BB80000000 00000000 00000000 00000000 00000000 00000000 00000000 00000000 0000000c 00000003 000000ae 0000010c 00000110 0000012f 00000000 00000000 00000000
00B 090C1213001C 00000000 00000130 0000001c 00000000 00000000 00000000 00000000 0000000c 00000003 000000ae 0000010c 00000113 0000012f 00000000 00000000 00000000
00C 090002000003 00000000 00000000 00000003 00000000 00000000 00000000 00000000 0000000c 00000003 000000ae 0000010c 00000113 0000012f 00000000 00000000 00000000
003 09000200000D 00000000 00000000 0000000d 00000000 00000000 00000000 00000000 0000000c 00000003 000000ae 0000010c 00000113 0000012f 00000000 00000000 00000000
00D 009000000000 00000000 00000000 00000000 00000000 00000000 00000000 00000000 0000000c 00000003 000000ae 0000010c 00000113 0000012f 00000000 00000000 00000000
00E 107A00000000 00000000 00000000 00000000 00000000 00000000 00000000 00000000 0000000c 00000003 00000000 0000010c 00000113 0000012f 00000000 00000000 00000000
00F 108B00000000 00000000 00000000 00000000 00000000 00000000 00000000 00000000 0000000d 00000003 00000000 0000010c 00000113 0000012f 00000000 00000000 00000000
010 029789000000 00000000 00000000 00000000 00000000 00000000 00000000 00000000 0000000d 00000004 00000000 0000010c 00000113 0000012f 00000000 00000000 00000000
011 107A10001000 00000000 00000001 00000000 00000000 00000000 00000000 00000000 0000000d 00000004 00000034 0000010c 00000113 0000012f 00000000 00000000 00000000
012 108B10004000 00000000 00000004 00000000 00000000 00000000 00000000 00000000 0000000e 00000004 00000034 0000010c 00000113 0000012f 00000000 00000000 00000000
013 029789000000 00000000 00000000 00000000 00000000 00000000 00000000 00000000 0000000e 00000004 00000034 0000010c 00000113 0000012f 00000000 00000000 00000000
014 107A10002000 00000000 00000002 00000000 00000000 00000000 00000000 00000000 0000000e 00000004 0000006c 0000010c 00000113 0000012f 00000000 00000000 00000000
015 108B10008000 00000000 00000008 00000000 00000000 00000000 00000000 00000000 0000000f 00000004 0000006c 0000010c 00000113 0000012f 00000000 00000000 00000000
016 029789000000 00000000 00000000 00000000 00000000 00000000 00000000 00000000 0000000f 00000004 0000006c 0000010c 00000113 0000012f 00000000 00000000 00000000
017 107A10003000 00000000 00000003 00000000 00000000 00000000 00000000 00000000 0000000f 00000004 000000a8 0000010c 00000113 0000012f 00000000 00000000 00000000
018 108B1000C000 00000000 0000000c 00000000 00000000 00000000 00000000 00000000 00000010 00000004 000000a8 0000010c 00000113 0000012f 00000000 00000000 00000000
019 029789000000 00000000 00000000 00000000 00000000 00000000 00000000 00000000 00000010 00000004 000000a8 0000010c 00000113 0000012f 00000000 00000000 00000000
01A 119C00000000 00000000 00000000 00000000 00000000 00000000 00000000 00000000 00000010 00000004 000000e8 0000010c 00000113 0000012f 00000000 00000000 00000000
01B 090002000004 00000000 00000000 00000004 00000000 00000000 00000000 00000000 00000010 00000004 000000e8 0000010c 00000113 0000012f 00000000 00000000 00000000
004 00CC01001000 00000000 00000001 00000000 00000000 00000000 00000000 00000000 00000010 00000004 000000e8 0000010c 00000113 0000012f 00000000 00000000 00000000
005 037C12FFF00C 00000000 ffffffff 0000000c 00000000 00000000 00000000 00000000 00000010 00000004 000000e8 0000010c 00000113 00000130 00000000 00000000 00000000
006 038C12FFF003 00000000 ffffffff 00000003 00000000 00000000 00000000 00000000 00000000 00000004 000000e8 0000010c 00000113 00000130 00000000 00000000 00000000
007 00A001100000 00000000 00000100 00000000 00000000 00000000 00000000 00000000 00000000 00000000 000000e8 0000010c 00000113 00000130 00000000 00000000 00000000
008 00B001110000 00000000 00000110 00000000 00000000 00000000 00000000 00000000 00000000 00000000 000000e8 00000100 00000113 00000130 00000000 00000000 00000000
009 04AA70000000 00000000 00000000 00000000 00000000 00000000 00000000 00000000 00000000 00000000 000000e8 00000100 00000110 00000130 00000000 00000000 00000000
00A 04BB80000000 00000000 00000000 00000000 00000000 00000000 00000000 00000000 00000000 00000000 000000e8 00000100 00000110 00000130 00000000 00000000 00000000
00B 090C1213001C 00000000 00000130 0000001c 00000000 00000000 00000000 00000000 00000000 00000000 000000e8 00000100 00000110 00000130 00000000 00000000 00000000
01C 150000000000 00000000 00000000 00000000 00000000 00000000 00000000 00000000 00000000 00000000 000000e8 00000100 00000110 00000130 00000000 00000000 00000000
